[gd_scene format=3 uid="uid://b3gqp1a23p0n0"]

[ext_resource type="PackedScene" uid="uid://dq7jludkmer5j" path="res://assets/prefabs/ground.tscn" id="1_rog5d"]
[ext_resource type="PackedScene" uid="uid://cn3oofyl5w3x3" path="res://assets/prefabs/player.tscn" id="2_qkubx"]
[ext_resource type="PackedScene" uid="uid://w718vay83uid" path="res://assets/KayKit_Forest_Nature_Pack_1.0_EXTRA/Assets/gltf/Color1/Tree_1_C_Color1.gltf" id="3_31f11"]
[ext_resource type="PackedScene" uid="uid://bq4muowkvgqb4" path="res://assets/KayKit_Forest_Nature_Pack_1.0_EXTRA/Assets/gltf/Color1/Tree_1_B_Color1.gltf" id="4_f1eln"]
[ext_resource type="PackedScene" uid="uid://ch7gt84l234dy" path="res://assets/prefabs/pickup_detector.tscn" id="5_31f11"]
[ext_resource type="PackedScene" uid="uid://dvxcokyeg6a6c" path="res://assets/KayKit_Forest_Nature_Pack_1.0_EXTRA/Assets/gltf/Color1/Tree_1_A_Color1.gltf" id="5_rohao"]
[ext_resource type="PackedScene" uid="uid://d1ekalo2srbk5" path="res://assets/prefabs/fishing_spot.tscn" id="6_f1eln"]
[ext_resource type="PackedScene" uid="uid://dig6ngbjalgfv" path="res://assets/KayKit_Forest_Nature_Pack_1.0_EXTRA/Assets/gltf/Color3/Hill_4x4x8_Color3.gltf" id="6_rt1yw"]
[ext_resource type="Environment" uid="uid://denvworld001" path="res://assets/environments/default_env.tres" id="7_env"]
[ext_resource type="PackedScene" uid="uid://bx2qt0r3h8m8s" path="res://assets/KayKit_Forest_Nature_Pack_1.0_EXTRA/Assets/gltf/Color3/Hill_8x4x2_Color3.gltf" id="7_jk26s"]
[ext_resource type="PackedScene" uid="uid://b8qi82th3ksbp" path="res://assets/KayKit_Forest_Nature_Pack_1.0_EXTRA/Assets/gltf/Color3/Hill_12x12x8_Color3.gltf" id="8_b28dm"]
[ext_resource type="Script" uid="uid://5q5fyr5caqpc" path="res://assets/scripts/sun.gd" id="8_sun"]
[ext_resource type="PackedScene" uid="uid://c5awyoo6c4fp6" path="res://assets/KayKit_Forest_Nature_Pack_1.0_EXTRA/Assets/gltf/Color3/Rock_3_G_Color3.gltf" id="9_nkce2"]
[ext_resource type="PackedScene" uid="uid://begd7fmlfl6lg" path="res://assets/prefabs/water.tscn" id="9_xvndt"]
[ext_resource type="PackedScene" uid="uid://cyi15lwt7c0uh" path="res://assets/prefabs/pause_menu.tscn" id="9_yi2um"]
[ext_resource type="PackedScene" uid="uid://nceek51yctbd" path="res://assets/KayKit_Forest_Nature_Pack_1.0_EXTRA/Assets/gltf/Color3/Rock_3_M_Color3.gltf" id="10_6g32d"]
[ext_resource type="Shader" uid="uid://cneyw035hahlm" path="res://assets/shaders/water.gdshader" id="10_is3qo"]
[ext_resource type="Shader" uid="uid://cxmry2dovapvp" path="res://assets/shaders/frac_test.gdshader" id="11_grade"]
[ext_resource type="PackedScene" uid="uid://bwluljqixlfbn" path="res://assets/KayKit_Forest_Nature_Pack_1.0_EXTRA/Assets/gltf/Color3/Tree_7_A_Color3.gltf" id="11_une3w"]
[ext_resource type="Texture2D" uid="uid://brswbayehsef6" path="res://assets/shaders/toonwater.png" id="12_foam"]
[ext_resource type="PackedScene" uid="uid://bfk2li1np53m5" path="res://assets/KayKit_Forest_Nature_Pack_1.0_EXTRA/Assets/gltf/Color3/Tree_7_B_Color3.gltf" id="12_x224o"]
[ext_resource type="PackedScene" uid="uid://dl1h3ay81gj53" path="res://assets/KayKit_Forest_Nature_Pack_1.0_EXTRA/Assets/gltf/Color3/Rock_3_C_Color3.gltf" id="13_6g32d"]
[ext_resource type="PackedScene" uid="uid://blkk1ml40pori" path="res://assets/KayKit_Forest_Nature_Pack_1.0_EXTRA/Assets/gltf/Color3/Rock_3_D_Color3.gltf" id="14_une3w"]
[ext_resource type="PackedScene" uid="uid://bky7cxpll16j3" path="res://assets/KayKit_Forest_Nature_Pack_1.0_EXTRA/Assets/gltf/Color3/Hill_12x12x2_Color3.gltf" id="15_x224o"]
[ext_resource type="PackedScene" uid="uid://u14lysx3va18" path="res://assets/KayKit_Forest_Nature_Pack_1.0_EXTRA/Assets/gltf/Color3/Hill_4x2x4_Color3.gltf" id="16_pcyi0"]
[ext_resource type="PackedScene" uid="uid://chaagfktwhbb6" path="res://assets/KayKit_Forest_Nature_Pack_1.0_EXTRA/Assets/gltf/Color3/Bush_1_G_Color3.gltf" id="17_une3w"]
[ext_resource type="PackedScene" uid="uid://bt31y5xd2j5f" path="res://assets/KayKit_Forest_Nature_Pack_1.0_EXTRA/Assets/gltf/Color3/Hill_2x2x8_Color3.gltf" id="24_yi2um"]
[ext_resource type="PackedScene" uid="uid://dmr7hvv47l6qo" path="res://assets/KayKit_Forest_Nature_Pack_1.0_EXTRA/Assets/gltf/Color3/Rock_3_N_Color3.gltf" id="25_1bhpc"]
[ext_resource type="PackedScene" uid="uid://cknjp142ncph5" path="res://assets/KayKit_Forest_Nature_Pack_1.0_EXTRA/Assets/gltf/Color5/Tree_4_A_Color5.gltf" id="25_lhfyk"]
[ext_resource type="PackedScene" uid="uid://w1vfbromn8qh" path="res://assets/KayKit_Forest_Nature_Pack_1.0_EXTRA/Assets/gltf/Color5/Tree_4_C_Color5.gltf" id="26_6m0ls"]
[ext_resource type="PackedScene" uid="uid://dd0nthgk71wqu" path="res://assets/KayKit_Forest_Nature_Pack_1.0_EXTRA/Assets/gltf/Color3/Rock_3_J_Color3.gltf" id="26_rxbnq"]
[ext_resource type="PackedScene" uid="uid://53te0t5a5ej1" path="res://assets/KayKit_Forest_Nature_Pack_1.0_EXTRA/Assets/gltf/Color5/Hill_8x8x4_Color5.gltf" id="27_ded85"]
[ext_resource type="PackedScene" uid="uid://b4tac6tn1rh6f" path="res://assets/KayKit_Forest_Nature_Pack_1.0_EXTRA/Assets/gltf/Color3/Rock_3_E_Color3.gltf" id="27_qjt8p"]
[ext_resource type="PackedScene" uid="uid://d15dgwrif14er" path="res://assets/KayKit_Forest_Nature_Pack_1.0_EXTRA/Assets/gltf/Color3/Tree_1_B_Color3.gltf" id="28_aw363"]
[ext_resource type="PackedScene" uid="uid://d1hpkra686mo8" path="res://assets/KayKit_Forest_Nature_Pack_1.0_EXTRA/Assets/gltf/Color3/Tree_1_C_Color3.gltf" id="29_3dywd"]
[ext_resource type="PackedScene" uid="uid://b8613mol2322g" path="res://assets/KayKit_Forest_Nature_Pack_1.0_EXTRA/Assets/gltf/Color3/Bush_1_F_Color3.gltf" id="30_qjt8p"]
[ext_resource type="PackedScene" uid="uid://c3owvyumtft0c" path="res://assets/KayKit_Forest_Nature_Pack_1.0_EXTRA/Assets/gltf/Color3/Rock_3_H_Color3.gltf" id="31_aw363"]
[ext_resource type="PackedScene" uid="uid://cvd1xbi3ov40c" path="res://assets/KayKit_Forest_Nature_Pack_1.0_EXTRA/Assets/gltf/Color3/Rock_3_R_Color3.gltf" id="32_aw363"]
[ext_resource type="PackedScene" uid="uid://ceg556mikske3" path="res://assets/KayKit_Forest_Nature_Pack_1.0_EXTRA/Assets/gltf/Color3/Tree_7_C_Color3.gltf" id="34_3hj7f"]
[ext_resource type="PackedScene" uid="uid://cgubcylexnbm4" path="res://assets/KayKit_Forest_Nature_Pack_1.0_EXTRA/Assets/gltf/Color3/Hill_8x4x8_Color3.gltf" id="35_ay7lf"]
[ext_resource type="PackedScene" uid="uid://cplyhayvrtisx" path="res://assets/KayKit_Forest_Nature_Pack_1.0_EXTRA/Assets/gltf/Color3/Hill_8x8x8_Color3.gltf" id="36_3hj7f"]
[ext_resource type="PackedScene" uid="uid://c8g26easa112v" path="res://assets/itemsnshit/gltf/Gems_Chest.gltf" id="37_lyt3f"]
[ext_resource type="PackedScene" uid="uid://ctpf1fukt2xy6" path="res://assets/KayKit_Forest_Nature_Pack_1.0_EXTRA/Assets/gltf/Color3/Hill_12x12x4_Color3.gltf" id="38_sk1hx"]
[ext_resource type="PackedScene" uid="uid://ckkm275mppeh3" path="res://assets/KayKit_Forest_Nature_Pack_1.0_EXTRA/Assets/gltf/Color3/Hill_8x4x4_Color3.gltf" id="39_qx0cg"]
[ext_resource type="PackedScene" uid="uid://y1aown0v4qib" path="res://assets/KayKit_Forest_Nature_Pack_1.0_EXTRA/Assets/gltf/Color3/Hill_4x4x4_Color3.gltf" id="40_v3rym"]
[ext_resource type="PackedScene" uid="uid://8ulet0hunwva" path="res://assets/itemsnshit/gltf/Gems_Pile_Large.gltf" id="42_v3rym"]
[ext_resource type="PackedScene" uid="uid://bxt6oyxe0v7dy" path="res://assets/itemsnshit/gltf/Gems_Pile_Small.gltf" id="43_8bgh2"]
[ext_resource type="PackedScene" uid="uid://ca7umy0df8kf6" path="res://assets/itemsnshit/gltf/Gems_Sack.gltf" id="44_pjchn"]
[ext_resource type="PackedScene" uid="uid://dmsct6i5brv7y" path="res://assets/prefabs/interact_detector.tscn" id="46_14fyh"]
[ext_resource type="PackedScene" uid="uid://c3d1p76qenrnb" path="res://assets/blue/building_home_A_blue.fbx" id="46_pjchn"]
[ext_resource type="PackedScene" uid="uid://r4ejoa75buf0" path="res://assets/KayKit_Forest_Nature_Pack_1.0_EXTRA/Assets/gltf/Color3/Hill_2x2x2_Color3.gltf" id="46_w28bb"]
[ext_resource type="PackedScene" uid="uid://bq36bopjxnasg" path="res://assets/KayKit_Forest_Nature_Pack_1.0_EXTRA/Assets/gltf/Color3/Hill_4x2x8_Color3.gltf" id="47_3ucvo"]
[ext_resource type="PackedScene" uid="uid://cpro6f7phwj8v" path="res://assets/collision objects/containers_crate_medium_tan_2.tscn" id="48_magj1"]
[ext_resource type="PackedScene" uid="uid://bmtr3sirye4vf" path="res://assets/collision objects/hill_8x_4x_2_color_32.tscn" id="49_14fyh"]
[ext_resource type="PackedScene" uid="uid://vfhg801touo5" path="res://assets/KayKit_Forest_Nature_Pack_1.0_EXTRA/Assets/gltf/Color5/Hill_12x6x8_Color5.gltf" id="53_31f0h"]
[ext_resource type="PackedScene" uid="uid://c0vva5eny8d6h" path="res://assets/KayKit_Forest_Nature_Pack_1.0_EXTRA/Assets/gltf/Color5/Bush_4_E_Color5.gltf" id="54_wxcyn"]
[ext_resource type="PackedScene" uid="uid://142jsaj8xka" path="res://assets/KayKit_Forest_Nature_Pack_1.0_EXTRA/Assets/gltf/Color5/Bush_4_C_Color5.gltf" id="55_bwguq"]
[ext_resource type="PackedScene" uid="uid://bpycvfrawvmto" path="res://assets/KayKit_Forest_Nature_Pack_1.0_EXTRA/Assets/gltf/Color5/Tree_4_B_Color5.gltf" id="56_yjl0o"]
[ext_resource type="PackedScene" uid="uid://b5ftfs6vklkle" path="res://assets/KayKit_Forest_Nature_Pack_1.0_EXTRA/Assets/gltf/Color5/Hill_12x6x4_Color5.gltf" id="57_t2l4f"]
[ext_resource type="PackedScene" uid="uid://d3clf31mpgew3" path="res://assets/itemsnshit/gltf/Food_Cheese.gltf" id="58_6m0ls"]
[ext_resource type="PackedScene" uid="uid://dg2fk73cr1qfn" path="res://assets/KayKit_Forest_Nature_Pack_1.0_EXTRA/Assets/gltf/Color8/Hill_12x12x2_Color8.gltf" id="59_ded85"]
[ext_resource type="PackedScene" uid="uid://bpgec1bdqo06r" path="res://assets/KayKit_Forest_Nature_Pack_1.0_EXTRA/Assets/gltf/Color8/Tree_2_D_Color8.gltf" id="60_t2l4f"]
[ext_resource type="PackedScene" uid="uid://bc5gln3c2vl7i" path="res://assets/KayKit_Forest_Nature_Pack_1.0_EXTRA/Assets/gltf/Color8/Tree_2_E_Color8.gltf" id="61_woxgy"]
[ext_resource type="PackedScene" uid="uid://buxeu31311gly" path="res://assets/KayKit_Forest_Nature_Pack_1.0_EXTRA/Assets/gltf/Color8/Bush_2_C_Color8.gltf" id="62_jp487"]
[ext_resource type="PackedScene" uid="uid://cyfxuahef2g8p" path="res://assets/KayKit_Forest_Nature_Pack_1.0_EXTRA/Assets/gltf/Color8/Bush_2_D_Color8.gltf" id="63_8g5xj"]
[ext_resource type="PackedScene" uid="uid://dembd84sfk1yb" path="res://assets/KayKit_Forest_Nature_Pack_1.0_EXTRA/Assets/gltf/Color8/Tree_2_C_Color8.gltf" id="64_gm1gl"]
[ext_resource type="PackedScene" uid="uid://elbk71fl2mwa" path="res://assets/KayKit_Forest_Nature_Pack_1.0_EXTRA/Assets/gltf/Color8/Hill_12x12x8_Color8.gltf" id="65_woxgy"]
[ext_resource type="Script" uid="uid://dshbhbsgw55ye" path="res://assets/scripts/post_process.gd" id="70_pp"]
[ext_resource type="Script" uid="uid://dlkepstatl0ei" path="res://assets/scripts/moon.gd" id="71_moon"]
[ext_resource type="Shader" uid="uid://c1ib2jwpg7q82" path="res://assets/shaders/wind_sway.gdshader" id="72_wind"]
[ext_resource type="Script" uid="uid://cx4hav04k0edv" path="res://assets/scripts/wind_setup.gd" id="73_wind"]

[sub_resource type="StandardMaterial3D" id="StandardMaterial3D_moon"]
transparency = 1
shading_mode = 0
disable_fog = true
albedo_color = Color(0.86, 0.89, 1, 1)

[sub_resource type="SphereMesh" id="SphereMesh_moon"]
material = SubResource("StandardMaterial3D_moon")
radius = 16.0
height = 32.0

[sub_resource type="ShaderMaterial" id="ShaderMaterial_ct31b"]
render_priority = 0
shader = ExtResource("10_is3qo")
shader_parameter/foam_tex = ExtResource("12_foam")
shader_parameter/shallow_color = Color(0.44151407, 0.84120613, 0.8825535, 1)
shader_parameter/deep_color = Color(0.04, 0.28, 0.55, 1)
shader_parameter/foam_color = Color(0.95, 1, 1, 1)
shader_parameter/depth_fade = 1.6
shader_parameter/color_bands = 3.0
shader_parameter/water_opacity = 1.0
shader_parameter/surface_opacity = 1.0
shader_parameter/wave_height = 1.0
shader_parameter/wave_scale = 0.10000000149012
shader_parameter/wave_speed = 0.24
shader_parameter/foam_scale = 0.05
shader_parameter/foam_scale2 = 0.028
shader_parameter/foam_speed = 0.015
shader_parameter/foam_warp = 0.15
shader_parameter/foam_threshold = 0.3
shader_parameter/foam_softness = 0.04000000120148
shader_parameter/foam_aa = 2.50000011875
shader_parameter/foam_secondary = 0.5
shader_parameter/foam_glow = 0.0
shader_parameter/ambient_lift = 0.1
shader_parameter/day_factor = 1.0
shader_parameter/night_emission = 0.12
shader_parameter/spec_power = 24.0
shader_parameter/spec_threshold = 0.5
shader_parameter/spec_softness = 0.04
shader_parameter/spec_strength = 1.3

[sub_resource type="ShaderMaterial" id="ShaderMaterial_grade"]
shader = ExtResource("11_grade")
shader_parameter/day_factor = 1.0
shader_parameter/golden_factor = 0.0
shader_parameter/warmth = 0.35
shader_parameter/saturation = 1.12
shader_parameter/contrast = 1.04
shader_parameter/lift = 0.02
shader_parameter/vignette = 0.4
shader_parameter/vignette_warmth = 0.5
shader_parameter/day_shadow_tint = Color(0.97, 0.86, 0.72, 1)
shader_parameter/day_highlight_tint = Color(1, 0.94, 0.82, 1)
shader_parameter/night_shadow_tint = Color(0.46, 0.55, 0.8, 1)
shader_parameter/night_highlight_tint = Color(0.7, 0.8, 1, 1)
shader_parameter/golden_tint = Color(1, 0.74, 0.46, 1)
shader_parameter/night_exposure = 0.42
shader_parameter/night_desat = 0.78
shader_parameter/aberration = 0.0018
shader_parameter/grain = 0.025
shader_parameter/grain_night_boost = 2.0

[sub_resource type="BoxShape3D" id="BoxShape3D_woxgy"]
size = Vector3(2.863, 3.582, 10.492875)

[sub_resource type="BoxShape3D" id="BoxShape3D_jp487"]
size = Vector3(1.972168, 11.385, 1.6534424)

[sub_resource type="BoxShape3D" id="BoxShape3D_8g5xj"]
size = Vector3(4.2026954, 5.12, 3.5320618)

[sub_resource type="BoxShape3D" id="BoxShape3D_gm1gl"]
size = Vector3(3.347168, 5.7924194, 6.869629)

[sub_resource type="BoxShape3D" id="BoxShape3D_s1np6"]
size = Vector3(4.470215, 4.378418, 3.8327026)

[sub_resource type="BoxShape3D" id="BoxShape3D_e8xm5"]
size = Vector3(6.7579346, 6.180176, 4.248535)

[sub_resource type="BoxShape3D" id="BoxShape3D_mw0ll"]
size = Vector3(3.6601563, 6.217407, 17.477024)

[sub_resource type="CylinderShape3D" id="CylinderShape3D_woxgy"]
height = 3.4394531
radius = 1.2949219

[sub_resource type="CylinderShape3D" id="CylinderShape3D_jp487"]
height = 6.4750977
radius = 1.198

[sub_resource type="BoxShape3D" id="BoxShape3D_bhxdo"]
size = Vector3(18.966309, 4.616333, 4.032715)

[sub_resource type="BoxShape3D" id="BoxShape3D_blvv6"]
size = Vector3(1.7244873, 4.0750732, 12.598328)

[sub_resource type="BoxShape3D" id="BoxShape3D_ded85"]
size = Vector3(12.485, 4, 12.42)

[sub_resource type="CylinderShape3D" id="CylinderShape3D_8g5xj"]
height = 7.1259766
radius = 1.2099609

[sub_resource type="BoxShape3D" id="BoxShape3D_ni3hw"]
size = Vector3(6.5992584, 1, 1.7850342)

[sub_resource type="BoxShape3D" id="BoxShape3D_jr88l"]
size = Vector3(13.714172, 7.309845, 1)

[sub_resource type="CylinderShape3D" id="CylinderShape3D_gm1gl"]
height = 6.8812256

[sub_resource type="BoxShape3D" id="BoxShape3D_lekwm"]
size = Vector3(4.102173, 5.5477295, 1.9432068)

[sub_resource type="BoxShape3D" id="BoxShape3D_iwt4a"]
size = Vector3(11.837036, 8.112762, 10.478905)

[sub_resource type="BoxShape3D" id="BoxShape3D_df1ho"]
size = Vector3(4.498535, 6.8374634, 1.7900391)

[sub_resource type="Environment" id="Environment_une3w"]
ambient_light_source = 2
ambient_light_color = Color(1, 1, 1, 1)
ambient_light_energy = 0.4

[node name="World888" type="Node3D" unique_id=1683946744]

[node name="WorldEnvironment" type="WorldEnvironment" parent="." unique_id=1492837465]
environment = ExtResource("7_env")

[node name="Ground" parent="." unique_id=2127213363 instance=ExtResource("1_rog5d")]
transform = Transform3D(0.525, 0, 0, 0, 1, 0, 0, 0, 1, 0, 0, -41.89352)

[node name="Player" parent="." unique_id=930000287 groups=["player"] instance=ExtResource("2_qkubx")]
transform = Transform3D(-0.4942377, 0, 0.07569077, 0, 0.5, 0, -0.07569077, 0, -0.4942377, 1.5231292, 0.67548645, 4.0170307)

[node name="DirectionalLight3D" type="DirectionalLight3D" parent="." unique_id=1818446518]
transform = Transform3D(0.11149654, 0.8808577, -0.4600634, -0.20747039, 0.4733812, 0.8560761, 0.9718665, 1.5997097e-08, 0.23553227, -54.397118, 38.488686, 3.2310834)
light_color = Color(0.8745098, 1, 1, 1)
light_energy = 0.683
light_angular_distance = 0.5
shadow_enabled = true
shadow_blur = 7.089
directional_shadow_max_distance = 60.0
script = ExtResource("8_sun")

[node name="Moon" type="DirectionalLight3D" parent="." unique_id=1818446519]
light_color = Color(0.72, 0.8, 0.95, 1)
light_energy = 0.45
light_indirect_energy = 0.5
shadow_enabled = true
shadow_blur = 5.0
directional_shadow_max_distance = 60.0
script = ExtResource("71_moon")

[node name="MoonDisc" type="MeshInstance3D" parent="Moon" unique_id=1818446520]
transform = Transform3D(1, 0, 0, 0, 1, 0, 0, 0, 1, 0, 0, 600)
cast_shadow = 0
mesh = SubResource("SphereMesh_moon")

[node name="WindSetup" type="Node" parent="." unique_id=1818446521]
script = ExtResource("73_wind")
wind_shader = ExtResource("72_wind")

[node name="Tree_1_C_Color12" parent="." unique_id=1710188337 instance=ExtResource("3_31f11")]
transform = Transform3D(0.94316465, 0, 0.33232573, 0, 1, 0, -0.33232573, 0, 0.94316465, -7.7875586, 0.58487946, -14.189516)

[node name="Tree_1_B_Color12" parent="." unique_id=1646749351 instance=ExtResource("4_f1eln")]
transform = Transform3D(1, 0, 0, 0, 1, 0, 0, 0, 1, 7.68686, 0.8410368, -16.01179)

[node name="PickupDetector" parent="." unique_id=2056313107 instance=ExtResource("5_31f11")]
transform = Transform3D(1, 0, 0, 0, 1, 0, 0, 0, 1, 11.807126, 0.78899574, 6.349572)
pickupName = "CHEESE"

[node name="PickupDetector2" parent="." unique_id=1401066777 instance=ExtResource("5_31f11")]
transform = Transform3D(0.9963587, 0, 0.08526041, 0, 1, 0, -0.08526041, 0, 0.9963587, -15.853939, 1.0002269, 2.8444107)
pickupName = "Pink"

[node name="PickupDetector3" parent="." unique_id=1724495769 instance=ExtResource("5_31f11")]
transform = Transform3D(1, 0, 0, 0, 1, 0, 0, 0, 1, 2.9937491, 0.8183198, -25.289272)
pickupName = "Diamond"

[node name="FishingSpot" parent="." unique_id=2067094464 instance=ExtResource("6_f1eln")]
transform = Transform3D(1, 0, 0, 0, 1, 0, 0, 0, 1, -1.152337, 1.4351373, 10.818001)

[node name="Tree_1_A_Color12" parent="." unique_id=143569577 instance=ExtResource("5_rohao")]
transform = Transform3D(0.84842706, 0, -0.5293123, 0, 1, 0, 0.5293123, 0, 0.84842706, -13.940935, 6.441592, -9.783383)

[node name="CanvasLayer" type="CanvasLayer" parent="." unique_id=1593481710]
layer = 101

[node name="PauseMenu" parent="CanvasLayer" unique_id=1200248516 instance=ExtResource("9_yi2um")]

[node name="Water" parent="." unique_id=363647662 instance=ExtResource("9_xvndt")]
transform = Transform3D(100, 0, 0, 0, 1, 0, 0, 0, 100, 0, -10, 0)
surface_material_override/0 = SubResource("ShaderMaterial_ct31b")
metadata/_edit_lock_ = true

[node name="PostProcess" type="CanvasLayer" parent="." unique_id=1771038300]
layer = 100

[node name="FracTest" type="ColorRect" parent="PostProcess" unique_id=1771038301]
material = SubResource("ShaderMaterial_grade")
anchors_preset = 15
anchor_right = 1.0
anchor_bottom = 1.0
grow_horizontal = 2
grow_vertical = 2
mouse_filter = 2
script = ExtResource("70_pp")

[node name="Collisions" type="Node" parent="." unique_id=713686999]

[node name="StaticBody3D" type="StaticBody3D" parent="Collisions" unique_id=1308865797]
transform = Transform3D(1, 0, 0, 0, 1, 0, 0, 0, 1, 0, -0.23228168, 0)

[node name="CollisionShape3D" type="CollisionShape3D" parent="Collisions/StaticBody3D" unique_id=800116749]
transform = Transform3D(0.7296612, 0, 0.6838088, 0, 1, 0, -0.6838088, 0, 0.7296612, -3.6156278, 2.614308, -2.2342386)
shape = SubResource("BoxShape3D_woxgy")
metadata/_edit_lock_ = true

[node name="CollisionShape3D2" type="CollisionShape3D" parent="Collisions/StaticBody3D" unique_id=1915066220]
transform = Transform3D(0.9962357, 0, 0.08668624, 0, 1, 0, -0.08668624, 0, 0.9962357, -1.4206998, 2.614308, -7.936901)
shape = SubResource("BoxShape3D_woxgy")
metadata/_edit_lock_ = true

[node name="CollisionShape3D3" type="CollisionShape3D" parent="Collisions/StaticBody3D" unique_id=1563289559]
transform = Transform3D(0.99999166, 0, 0.004084021, 0, 1, 0, -0.004084021, 0, 0.99999166, -0.9093829, 2.614308, -17.828552)
shape = SubResource("BoxShape3D_woxgy")
metadata/_edit_lock_ = true

[node name="CollisionShape3D4" type="CollisionShape3D" parent="Collisions/StaticBody3D" unique_id=868827769]
transform = Transform3D(1, 0, 0, 0, 1, 0, 0, 0, 1, -0.6685405, 2.2800646, -10.584862)
shape = SubResource("BoxShape3D_jp487")
metadata/_edit_lock_ = true

[node name="StaticBody3D2" type="StaticBody3D" parent="Collisions" unique_id=430617156]

[node name="CollisionShape3D" type="CollisionShape3D" parent="Collisions/StaticBody3D2" unique_id=1625805111]
transform = Transform3D(1, 0, 0, 0, 1, 0, 0, 0, 1, -0.50910807, 2.2069106, -21.419249)
shape = SubResource("BoxShape3D_8g5xj")
debug_color = Color(0, 0.6, 0.69803923, 0.9490196)
metadata/_edit_lock_ = true

[node name="CollisionShape3D2" type="CollisionShape3D" parent="Collisions/StaticBody3D2" unique_id=1257468000]
transform = Transform3D(0.96774876, 0, -0.25191736, 0, 1, 0, 0.25191736, 0, 0.96774876, -0.91827583, 2.2069106, -24.767231)
shape = SubResource("BoxShape3D_8g5xj")
debug_color = Color(0, 0.6, 0.69803923, 0.9490196)
metadata/_edit_lock_ = true

[node name="StaticBody3D3" type="StaticBody3D" parent="Collisions" unique_id=2013750226]

[node name="CollisionShape3D" type="CollisionShape3D" parent="Collisions/StaticBody3D3" unique_id=1805968574]
transform = Transform3D(0.99867845, 0, 0.051394746, 0, 1, 0, -0.051394746, 0, 0.99867845, 6.2905817, 3.6770253, -24.393017)
shape = SubResource("BoxShape3D_gm1gl")
metadata/_edit_lock_ = true

[node name="StaticBody3D4" type="StaticBody3D" parent="Collisions" unique_id=1753360258]

[node name="CollisionShape3D" type="CollisionShape3D" parent="Collisions/StaticBody3D4" unique_id=1301428347]
transform = Transform3D(1, 0, 0, 0, 1, 0, 0, 0, 1, 2.930037, 2.420166, -26.735102)
shape = SubResource("BoxShape3D_s1np6")
metadata/_edit_lock_ = true

[node name="StaticBody3D5" type="StaticBody3D" parent="Collisions" unique_id=234148737]

[node name="CollisionShape3D" type="CollisionShape3D" parent="Collisions/StaticBody3D5" unique_id=21746253]
transform = Transform3D(0.9941961, 0, -0.10758292, 0, 1, 0, 0.10758292, 0, 0.9941961, 10.134822, 2.590088, -18.913744)
shape = SubResource("BoxShape3D_e8xm5")
metadata/_edit_lock_ = true

[node name="StaticBody3D6" type="StaticBody3D" parent="Collisions" unique_id=1263363837]

[node name="CollisionShape3D" type="CollisionShape3D" parent="Collisions/StaticBody3D6" unique_id=1955696835]
transform = Transform3D(0.9854274, 0.00025347402, -0.17009719, 0.0026171086, 0.9998579, 0.016651755, 0.17007723, -0.016854255, 0.98528653, 5.9105835, 2.046833, -9.141767)
shape = SubResource("BoxShape3D_mw0ll")
debug_color = Color(0, 0.6, 0.69803923, 1)
metadata/_edit_lock_ = true

[node name="StaticBody3D7" type="StaticBody3D" parent="Collisions" unique_id=1610316692]

[node name="CollisionShape3D2" type="CollisionShape3D" parent="Collisions/StaticBody3D7" unique_id=193874768]
transform = Transform3D(1, 0, 0, 0, 1, 0, 0, 0, 1, 4.55574, 1.5025079, -7.6316366)
shape = SubResource("CylinderShape3D_woxgy")
debug_color = Color(0, 0.6, 0.69803923, 1)
metadata/_edit_lock_ = true

[node name="CollisionShape3D" type="CollisionShape3D" parent="Collisions/StaticBody3D7" unique_id=1532951580]
transform = Transform3D(1, 0, 0, 0, 1, 0, 0, 0, 1, 4.350679, 2.1535761, -10.256937)
shape = SubResource("CylinderShape3D_woxgy")
debug_color = Color(0, 0.6, 0.69803923, 1)
metadata/_edit_lock_ = true

[node name="StaticBody3D8" type="StaticBody3D" parent="Collisions" unique_id=1091375308]

[node name="CollisionShape3D" type="CollisionShape3D" parent="Collisions/StaticBody3D8" unique_id=1517373809]
transform = Transform3D(1, 0, 0, 0, 1, 0, 0, 0, 1, 3.7720351, 2.2375488, -1.7508788)
shape = SubResource("CylinderShape3D_jp487")
debug_color = Color(0, 0.6, 0.69803923, 1)
metadata/_edit_lock_ = true

[node name="StaticBody3D9" type="StaticBody3D" parent="Collisions" unique_id=346234376]

[node name="CollisionShape3D" type="CollisionShape3D" parent="Collisions/StaticBody3D9" unique_id=655054024]
transform = Transform3D(0.97325104, 0, 0.22974397, 0, 1, 0, -0.22974397, 0, 0.97325104, 14.394569, 1.8081665, -0.85050035)
shape = SubResource("BoxShape3D_bhxdo")
debug_color = Color(0, 0, 0, 1)
metadata/_edit_lock_ = true

[node name="StaticBody3D10" type="StaticBody3D" parent="Collisions" unique_id=180739151]
transform = Transform3D(1, 0, 0, 0, 1, 0, 0, 0, 1, 13.081469, 0, 3.48875)

[node name="CollisionShape3D" type="CollisionShape3D" parent="Collisions/StaticBody3D10" unique_id=2063107556]
transform = Transform3D(0.80801046, 0, 0.5891682, 0, 1, 0, -0.5891682, 0, 0.80801046, 1.193924, 1.5375366, 1.4623065)
shape = SubResource("BoxShape3D_blvv6")
debug_color = Color(0, 0, 0, 1)
metadata/_edit_lock_ = true

[node name="StaticBody3D12" type="StaticBody3D" parent="Collisions" unique_id=2034508384]
transform = Transform3D(1, 0, 0, 0, 1, 0, 0, 0, 1, -11.810483, -1.0038528, 2.5752277)

[node name="CollisionShape3D" type="CollisionShape3D" parent="Collisions/StaticBody3D12" unique_id=701887484]
shape = SubResource("BoxShape3D_ded85")
metadata/_edit_lock_ = true

[node name="StaticBody3D11" type="StaticBody3D" parent="Collisions" unique_id=2094067860]

[node name="CollisionShape3D" type="CollisionShape3D" parent="Collisions/StaticBody3D11" unique_id=330877335]
transform = Transform3D(1, 0, 0, 0, 1, 0, 0, 0, 1, 15.049363, 2.5629883, 7.5402784)
shape = SubResource("CylinderShape3D_8g5xj")
debug_color = Color(0, 0, 0, 1)
metadata/_edit_lock_ = true

[node name="CollisionShape3D2" type="CollisionShape3D" parent="Collisions/StaticBody3D11" unique_id=2083916245]
transform = Transform3D(1, 0, 0, 0, 1, 0, 0, 0, 1, 8.215167, 2.5629883, 7.159067)
shape = SubResource("CylinderShape3D_8g5xj")
debug_color = Color(0, 0, 0, 1)
metadata/_edit_lock_ = true

[node name="CollisionShape3D3" type="CollisionShape3D" parent="Collisions/StaticBody3D11" unique_id=811797234]
transform = Transform3D(1, 0, 0, 0, 1, 0, 0, 0, 1, 6.225539, 2.5629883, 6.5373793)
shape = SubResource("CylinderShape3D_8g5xj")
debug_color = Color(0, 0, 0, 1)
metadata/_edit_lock_ = true

[node name="StaticBody3D14" type="StaticBody3D" parent="Collisions" unique_id=774323725]
transform = Transform3D(0.9981081, 0, 0.061484054, 0, 1, 0, -0.061484054, 0, 0.9981081, -10.257246, 3.9051862, -0.27026695)

[node name="CollisionShape3D" type="CollisionShape3D" parent="Collisions/StaticBody3D14" unique_id=221496684]
transform = Transform3D(0.9978661, 0, -0.06531605, 0, 1, 0, 0.06531605, 0, 0.9978661, 21.174934, -3.91258, 9.665721)
shape = SubResource("BoxShape3D_ni3hw")
debug_color = Color(0, 0, 0, 1)
metadata/_edit_lock_ = true

[node name="StaticBody3D13" type="StaticBody3D" parent="Collisions" unique_id=333771309]

[node name="CollisionShape3D" type="CollisionShape3D" parent="Collisions/StaticBody3D13" unique_id=1079758541]
transform = Transform3D(0.9981081, 0, 0.061484054, 0, 1, 0, -0.061484054, 0, 0.9981081, -10.257246, 3.9051862, -0.27026695)
shape = SubResource("BoxShape3D_jr88l")
debug_color = Color(0, 0, 0, 1)
metadata/_edit_lock_ = true

[node name="StaticBody3D15" type="StaticBody3D" parent="Collisions" unique_id=1266283300]

[node name="CollisionShape3D" type="CollisionShape3D" parent="Collisions/StaticBody3D15" unique_id=551455431]
transform = Transform3D(1, 0, 0, 0, 1, 0, 0, 0, 1, 12.574593, 1.1032715, 6.3967495)
shape = SubResource("CylinderShape3D_gm1gl")
metadata/_edit_lock_ = true

[node name="CollisionShape3D2" type="CollisionShape3D" parent="Collisions/StaticBody3D15" unique_id=312278366]
transform = Transform3D(1, 0, 0, 0, 1, 0, 0, 0, 1, 1.4535806, 2.4406128, 7.1303897)
shape = SubResource("CylinderShape3D_gm1gl")
metadata/_edit_lock_ = true

[node name="StaticBody3D16" type="StaticBody3D" parent="Collisions" unique_id=36650614]

[node name="CollisionShape3D" type="CollisionShape3D" parent="Collisions/StaticBody3D16" unique_id=139355648]
transform = Transform3D(1, 0, 0, 0, 1, 0, 0, 0, 1, 4.729634, 2.2738647, 7.8355465)
shape = SubResource("BoxShape3D_lekwm")
metadata/_edit_lock_ = true

[node name="CollisionShape3D3" type="CollisionShape3D" parent="Collisions/StaticBody3D16" unique_id=859129629]
transform = Transform3D(1, 0, 0, 0, 1, 0, 0, 0, 1, 8.044743, 2.5629883, 9.372653)
shape = SubResource("CylinderShape3D_8g5xj")
debug_color = Color(0, 0, 0, 1)
metadata/_edit_lock_ = true

[node name="StaticBody3D17" type="StaticBody3D" parent="Collisions" unique_id=2068542996]

[node name="CollisionShape3D" type="CollisionShape3D" parent="Collisions/StaticBody3D17" unique_id=1577747448]
transform = Transform3D(0.99954104, 0, -0.03029428, 0, 1, 0, 0.03029428, 0, 0.99954104, -10.578862, 3.5563812, 10.419789)
shape = SubResource("BoxShape3D_iwt4a")
debug_color = Color(0, 0, 0, 1)

[node name="CollisionShape3D2" type="CollisionShape3D" parent="Collisions/StaticBody3D17" unique_id=1092974859]
transform = Transform3D(0.9199583, 0, 0.39201596, 0, 1, 0, -0.39201596, 0, 0.9199583, -22.29299, 3.5563812, 4.124271)
shape = SubResource("BoxShape3D_iwt4a")
debug_color = Color(0, 0, 0, 1)

[node name="StaticBody3D18" type="StaticBody3D" parent="Collisions" unique_id=709697788]

[node name="CollisionShape3D" type="CollisionShape3D" parent="Collisions/StaticBody3D18" unique_id=1413489361]
transform = Transform3D(1, 0, 0, 0, 1, 0, 0, 0, 1, -16.5321, 3.8397117, 0.5019276)
shape = SubResource("BoxShape3D_df1ho")

[node name="StuffnShit" type="Node" parent="." unique_id=1676418086]

[node name="Hill_12x12x8_Color37" parent="StuffnShit" unique_id=808668680 instance=ExtResource("8_b28dm")]
transform = Transform3D(2.129091, 0, -0.062223133, 0, 2.13, 0, 0.062223133, 0, 2.129091, -1.0358467, -22.197258, -5.660536)

[node name="Hill_12x12x8_Color36" parent="StuffnShit" unique_id=86660566 instance=ExtResource("8_b28dm")]
transform = Transform3D(0.9998936, 0, -0.014607932, 0, 1, 0, 0.014607932, 0, 0.9998936, 4.8207884, -10.580883, 1.4728905)

[node name="Hill_4x4x8_Color37" parent="StuffnShit" unique_id=1285493315 instance=ExtResource("6_rt1yw")]
transform = Transform3D(1, 0, 0, 0, 1, 0, 0, 0, 1, -7.732996, 2.5796967, -12.512418)

[node name="Hill_4x4x8_Color36" parent="StuffnShit" unique_id=361595131 instance=ExtResource("6_rt1yw")]
transform = Transform3D(1, 0, 0, 0, 1, 0, 0, 0, 1, -6.628161, -3.7469811, 8.568473)

[node name="Rock_3_M_Color32" parent="StuffnShit" unique_id=701490266 instance=ExtResource("10_6g32d")]
transform = Transform3D(1, 0, 0, 0, 1, 0, 0, 0, 1, 4.0821357, 0.53909874, -1.6722531)

[node name="Tree_7_A_Color32" parent="StuffnShit" unique_id=1283353234 instance=ExtResource("11_une3w")]
transform = Transform3D(0.994024, 0.10916181, 0, -0.10916181, 0.994024, 0, 0, 0, 1, -2.542072, 2.1885967, -3.9194226)

[node name="Tree_7_B_Color33" parent="StuffnShit" unique_id=764725490 instance=ExtResource("12_x224o")]
transform = Transform3D(-0.8309069, 0, -0.5564115, 0, 1, 0, 0.5564115, 0, -0.8309069, 5.9104214, 8.630923, -23.739939)

[node name="Tree_7_B_Color32" parent="StuffnShit" unique_id=285867295 instance=ExtResource("12_x224o")]
transform = Transform3D(-0.12805137, 0, -0.9917676, 0, 1, 0, 0.9917676, 0, -0.12805137, -4.908207, 5.857924, -3.2085814)

[node name="Rock_3_C_Color32" parent="StuffnShit" unique_id=2126462558 instance=ExtResource("13_6g32d")]
transform = Transform3D(1, 0, 0, 0, 1, 0, 0, 0, 1, 3.5903788, 0.5714754, 0.2622658)

[node name="Rock_3_D_Color32" parent="StuffnShit" unique_id=700932915 instance=ExtResource("14_une3w")]
transform = Transform3D(1, 0, 0, 0, 1, 0, 0, 0, 1, 6.638651, 0.48462296, -1.2986395)

[node name="Hill_12x12x2_Color32" parent="StuffnShit" unique_id=1801529080 instance=ExtResource("15_x224o")]
transform = Transform3D(1, 0, 0, 0, 1, 0, 0, 0, 1, 11.61901, 0.29755116, -8.541253)

[node name="Hill_4x4x8_Color35" parent="StuffnShit" unique_id=1946091663 instance=ExtResource("6_rt1yw")]
transform = Transform3D(0.9999923, -0.0013713691, 0.0036762708, 0.0013669805, 0.99999833, 0.0011969971, -0.0036779048, -0.0011919668, 0.99999255, 7.458997, -3.153522, -15.998823)

[node name="Hill_4x4x8_Color44" parent="StuffnShit" unique_id=1570027416 instance=ExtResource("6_rt1yw")]
transform = Transform3D(1, 0, 0, 0, 1, 0, 0, 0, 1, -7.213846, 3.6357517, -20.409664)

[node name="Hill_4x4x8_Color45" parent="StuffnShit" unique_id=860345509 instance=ExtResource("6_rt1yw")]
transform = Transform3D(1, 0, 0, 0, 1, 0, 0, 0, 1, 11.588947, 4.6184645, -25.008118)

[node name="Hill_4x4x8_Color34" parent="StuffnShit" unique_id=1326769065 instance=ExtResource("6_rt1yw")]
transform = Transform3D(1, 0, 0, 0, 1, 0, 0, 0, 1, -7.213846, 3.6357517, -20.409664)

[node name="Hill_4x4x8_Color42" parent="StuffnShit" unique_id=518393083 instance=ExtResource("6_rt1yw")]
transform = Transform3D(1, 0, 0, 0, 1, 0, 0, 0, 1, 6.8677425, -0.5879092, -13.000035)

[node name="Hill_4x4x8_Color43" parent="StuffnShit" unique_id=1444037927 instance=ExtResource("6_rt1yw")]
transform = Transform3D(1, 0, 0, 0, 1, 0, 0, 0, 1, -6.968834, 3.6676059, -7.3744583)

[node name="Hill_4x4x8_Color33" parent="StuffnShit" unique_id=155998010 instance=ExtResource("6_rt1yw")]
transform = Transform3D(1, 0, 0, 0, 1, 0, 0, 0, 1, 7.6319046, 0.5, -7.862076)

[node name="Hill_4x2x4_Color32" parent="StuffnShit" unique_id=1169927837 instance=ExtResource("16_pcyi0")]
transform = Transform3D(-4.371139e-08, 0, -1, 0, 1, 0, 1, 0, -4.371139e-08, 5.550068, 0.5, -10.60119)

[node name="Hill_12x12x8_Color34" parent="StuffnShit" unique_id=410705285 instance=ExtResource("8_b28dm")]
transform = Transform3D(0.9990421, 0, -0.04374143, 0, 1, 0, 0.04374148, 0, 0.9990422, -7.782093, -0.09363747, -22.621826)

[node name="Hill_12x12x8_Color33" parent="StuffnShit" unique_id=1768091575 instance=ExtResource("8_b28dm")]
transform = Transform3D(0.9996604, 0, 0.026054822, 0, 1, 0, -0.026054785, 0, 0.99966043, 12.585289, -1.7489853, -21.349606)

[node name="Hill_12x12x8_Color35" parent="StuffnShit" unique_id=2114987186 instance=ExtResource("8_b28dm")]
transform = Transform3D(0.9984659, 0, 0.055368416, 0, 1, 0, -0.055368416, 0, 0.9984659, -2.3786535, -7.6957273, 2.6756382)

[node name="Hill_12x12x8_Color32" parent="StuffnShit" unique_id=325699247 instance=ExtResource("8_b28dm")]
transform = Transform3D(0.9954079, 0, 0.09572414, 0, 1, 0, -0.09572414, 0, 0.9954079, -9.589575, -1.3145618, -5.9890943)

[node name="Rock_3_G_Color32" parent="StuffnShit" unique_id=554455015 instance=ExtResource("9_nkce2")]
transform = Transform3D(0.6692344, 0, -0.7430514, 0, 1, 0, 0.7430514, 0, 0.6692344, 5.1795406, 0.7668874, -0.06275058)

[node name="Hill_4x4x8_Color32" parent="StuffnShit" unique_id=1182006439 instance=ExtResource("6_rt1yw")]
transform = Transform3D(1, 0, 0, 0, 1, 0, 0, 0, 1, -3.0257845, -3.1390429, -11.4979925)

[node name="WorldEnvironment" type="WorldEnvironment" parent="StuffnShit" unique_id=891788412]
environment = SubResource("Environment_une3w")

[node name="WorldEnvironment5" type="WorldEnvironment" parent="StuffnShit" unique_id=2028735611]
environment = SubResource("Environment_une3w")

[node name="Hill_8x4x2_Color34" parent="StuffnShit" unique_id=600710140 instance=ExtResource("7_jk26s")]
transform = Transform3D(-0.97661275, 0, -0.21500804, 0, 1, 0, 0.21500804, 0, -0.97661275, -5.372612, 0.49168992, -3.8125978)

[node name="WorldEnvironment3" type="WorldEnvironment" parent="StuffnShit" unique_id=428804980]
environment = SubResource("Environment_une3w")

[node name="WorldEnvironment4" type="WorldEnvironment" parent="StuffnShit" unique_id=198484978]
environment = SubResource("Environment_une3w")

[node name="Hill_8x4x2_Color35" parent="StuffnShit" unique_id=580261283 instance=ExtResource("7_jk26s")]
transform = Transform3D(-0.9904933, 0, -0.13756545, 0, 1, 0, 0.13756545, 0, -0.9904933, -5.154994, 0.25944495, -14.3793125)

[node name="Hill_8x4x2_Color36" parent="StuffnShit" unique_id=1860642407 instance=ExtResource("7_jk26s")]
transform = Transform3D(0.029648677, 0, -0.9995605, 0, 1, 0, 0.9995605, 0, 0.029648677, -1.5930014, 0.26775503, -16.939936)

[node name="WorldEnvironment2" type="WorldEnvironment" parent="StuffnShit" unique_id=828439094]
environment = SubResource("Environment_une3w")

[node name="Tree_1_C_Color12" parent="StuffnShit" unique_id=1670295416 instance=ExtResource("3_31f11")]
transform = Transform3D(0.7791194, 0, 0.6268759, 0, 1, 0, -0.6268759, 0, 0.7791194, -5.501136, 4.4331827, -26.912483)

[node name="Hill_8x4x2_Color37" parent="StuffnShit" unique_id=1546368286 instance=ExtResource("7_jk26s")]
transform = Transform3D(0.038108878, 0, 0.99927443, 0, 1, 0, -0.99927443, 0, 0.038108878, 0.4856453, 8.782296, -26.953066)

[node name="Hill_8x4x2_Color32" parent="StuffnShit" unique_id=1778484606 instance=ExtResource("7_jk26s")]
transform = Transform3D(0.10813812, 0, -0.99413586, 0, 1, 0, 0.99413586, 0, 0.10813812, -2.0229495, 0.5, -6.645324)

[node name="Tree_1_C_Color13" parent="StuffnShit" unique_id=328147339 instance=ExtResource("3_31f11")]
transform = Transform3D(0.94316465, 0, 0.33232573, 0, 1, 0, -0.33232573, 0, 0.94316465, -7.058832, 6.2293634, -15.149004)

[node name="Tree_1_B_Color13" parent="StuffnShit" unique_id=1922870222 instance=ExtResource("4_f1eln")]
transform = Transform3D(-0.6702053, 0.12461454, -0.7316393, 0.1828018, 0.98314977, -5.518712e-09, 0.71931106, -0.133745, -0.6816919, 6.118254, 4.27799, -17.232822)

[node name="Tree_1_A_Color14" parent="StuffnShit" unique_id=858664876 instance=ExtResource("5_rohao")]
transform = Transform3D(-0.061334863, 0.2693622, 0.9610839, 0.0070924736, 0.96299, -0.26944372, -0.99809194, -0.0097098015, -0.06097518, -0.32953894, 8.114302, -10.519096)

[node name="Tree_1_A_Color15" parent="StuffnShit" unique_id=507956176 instance=ExtResource("5_rohao")]
transform = Transform3D(0.8440673, -0.10124734, -0.52659243, 0.08590097, 0.9948614, -0.053591467, 0.5293123, 1.1656862e-09, 0.84842706, -4.796244, 6.417423, -10.275477)

[node name="Tree_4_A_Color53" parent="StuffnShit" unique_id=2071387720 instance=ExtResource("25_lhfyk")]
transform = Transform3D(1, 0, 0, 0, 1, 0, 0, 0, 1, 14.151617, 4.177897, -0.15840435)

[node name="Tree_4_A_Color54" parent="StuffnShit" unique_id=533429019 instance=ExtResource("25_lhfyk")]
transform = Transform3D(-0.55331886, 0, -0.8329697, 0, 1, 0, 0.8329697, 0, -0.55331886, 15.77018, 2.2992659, 4.986856)

[node name="Tree_4_A_Color55" parent="StuffnShit" unique_id=1872149294 instance=ExtResource("25_lhfyk")]
transform = Transform3D(-0.98760355, 0, 0.15696873, 0, 1, 0, -0.15696873, 0, -0.98760355, 20.352648, 2.622631, 1.8492603)

[node name="Tree_4_A_Color56" parent="StuffnShit" unique_id=44951154 instance=ExtResource("25_lhfyk")]
transform = Transform3D(0.67721045, 0, 0.7357905, 0, 1, 0, -0.7357905, 0, 0.67721045, 20.698948, 0.9853344, -2.165996)

[node name="Tree_4_A_Color57" parent="StuffnShit" unique_id=649327534 instance=ExtResource("25_lhfyk")]
transform = Transform3D(0.95072216, 0, -0.31004608, 0, 1, 0, 0.31004608, 0, 0.95072216, 22.347788, 2.9366112, 5.929651)

[node name="Tree_4_A_Color58" parent="StuffnShit" unique_id=1044453322 instance=ExtResource("25_lhfyk")]
transform = Transform3D(-0.98760355, 0, 0.15696873, 0, 1, 0, -0.15696873, 0, -0.98760355, 12.8710165, 4.2505426, -2.7496123)

[node name="Tree_4_A_Color52" parent="StuffnShit" unique_id=1562795740 instance=ExtResource("25_lhfyk")]
transform = Transform3D(1, 0, 0, 0, 1, 0, 0, 0, 1, 14.039465, 0.84212494, 7.61291)

[node name="Tree_4_C_Color53" parent="StuffnShit" unique_id=2144563414 instance=ExtResource("26_6m0ls")]
transform = Transform3D(-0.03498667, 0, 0.9993878, 0, 1, 0, -0.9993878, 0, -0.03498667, 16.22103, 2.1328297, 1.3609409)

[node name="Tree_4_C_Color54" parent="StuffnShit" unique_id=89424750 instance=ExtResource("26_6m0ls")]
